13
Algue
Crevette
Poisson_chirurgien
Phytoplancton
Zooplancton
Poisson_clown
Thon
Serran
Raie
Crabe
Requin
Murene
Orque
0 0 0 0 0 0 0 0 0 0 0 0 0
0.2 0 0 0 0 0 0 0 0 0 0 0 0
0.3 0 0 0 0 0 0 0 0 0 0 0 0
0 0 0 0 0 0 0 0 0 0 0 0 0
0 0 0 0.4 0 0 0 0 0 0 0 0 0
0 0.2 0 0 0.3 0 0 0 0 0 0 0 0
0 0 0 0 0 0.2 0 0.3 0 0 0 0 0
0 0.3 0.2 0 0 0.2 0 0 0 0 0 0 0
0 0.2 0 0 0 0 0 0.1 0 0.3 0 0 0
0 0.2 0.1 0 0 0 0 0 0 0 0 0 0
0 0 0 0 0 0 0.3 0 0.3 0 0 0.2 0
0 0 0 0 0 0 0 0.3 0 0.2 0 0 0
0 0 0 0 0 0 0 0 0 0 0.3 0 0
60 50 40 150 120 60 30 15 20 25 10 8 5
0.2 0.15 0.12 0.4 0.3 0.25 0.2 0.15 0.1 0.1 0.05 0.05 0.03
300 100 80 600 400 150 80 50 60 70 30 20 10
