13
Algue
Crevette
Poisson_chirurgien
Phytoplancton
Zooplancton
Poisson_clown
Serran
Raie
Crabe
Requin
Murene
Orque
Thon
0.00 0.00 0.00 0.00 0.00 0.00 0.00 0.00 0.00 0.00 0.00 0.00 0.00 
0.20 0.00 0.00 0.00 0.00 0.00 0.00 0.00 0.00 0.00 0.00 0.00 0.00 
0.30 0.00 0.00 0.00 0.00 0.00 0.00 0.00 0.00 0.00 0.00 0.00 0.00 
0.00 0.00 0.00 0.00 0.00 0.00 0.00 0.00 0.00 0.00 0.00 0.00 0.00 
0.00 0.00 0.00 0.40 0.00 0.00 0.00 0.00 0.00 0.00 0.00 0.00 0.00 
0.00 0.20 0.00 0.00 0.30 0.00 0.00 0.00 0.00 0.00 0.00 0.00 0.00 
0.00 0.30 0.20 0.00 0.00 0.20 0.00 0.00 0.00 0.00 0.00 0.00 0.00 
0.00 0.20 0.00 0.00 0.00 0.00 0.10 0.00 0.30 0.00 0.00 0.00 0.00 
0.00 0.20 0.10 0.00 0.00 0.00 0.00 0.00 0.30 0.00 0.00 0.00 0.00 
0.00 0.00 0.00 0.00 0.00 0.00 0.00 0.30 0.00 0.00 0.20 0.00 0.00 
0.00 0.00 0.00 0.00 0.00 0.00 0.30 0.00 0.20 0.00 0.20 0.00 0.30 
0.00 0.00 0.00 0.00 0.00 0.00 0.00 0.00 0.00 0.30 0.00 0.00 0.00 
0.00 0.00 0.00 0.00 0.00 0.20 0.00 0.30 0.00 0.00 0.00 0.00 0.00 
