13
Algue
Crevette
Poisson_chirurgien
Phytoplancton
Zooplancton
Poisson_clown
Thon
Serran
Raie
Crabe
Requin
Murene
Orque
0 0 0 0 0 0 0 0 0 0 0 0 0
0.2 0 0 0 0 0 0 0 0 0 0 0 0
0.3 0 0 0 0 0 0 0 0 0 0 0 0
0 0 0 0 0 0 0 0 0 0 0 0 0
0 0 0 0.4 0 0 0 0 0 0 0 0 0
0 0.2 0 0 0.3 0 0 0 0 0 0 0 0
0 0 0 0 0 0.2 0 0.3 0 0 0 0 0
0 0.3 0.2 0 0 0.2 0 0 0 0 0 0 0
0 0.2 0 0 0 0 0 0.1 0 0.3 0 0 0
0 0.2 0.1 0 0 0 0 0 0 0 0 0 0
0 0 0 0 0 0 0.3 0 0.3 0 0 0.2 0
0 0 0 0 0 0 0 0.3 0 0.2 0 0 0
0 0 0 0 0 0 0 0 0 0 0.3 0 0
100 100 100 100 100 100 100 100 100 100 100 100 100 // population initiale
30 20 0.3 100 200 0.15 0.05 0.2 0.05 1.5 0.02 0.1 0.01 // taux de croissance
50000 10000 200 100000000 100000 50 0.05 100 1 1000 0.1 20 0.01 // capacité de portage
